id1	x1	C1.1	C1.2	C1.3	L1	N1	id2	x2	C2.1	C2.2	C2.3	L2	N2	id3	x3	C3.1	C3.2	C3.3	L3	N3	id4	x4	C4.1	C4.2	C4.3	L4
1	0	0	0	1	1	15	1	0.087010681	-0.749074065	0.370464136	0.549221603	0.331202033	0	0	0	0	0	0	0	0	0	0	0	0	0	0
1	0	0	0	1	1	15	2	0.123990082	0.426076954	0.785432239	0.448948356	0.50705578	6	1	0.073144251	0.83177761	-0.202567743	0.516829099	0.148934415	0	0	0	0	0	0	0
1	0	0	0	1	1	15	2	0.123990082	0.426076954	0.785432239	0.448948356	0.50705578	6	2	0.301156953	-0.082534171	0.992905796	-0.085593169	0.257357788	0	0	0	0	0	0	0
1	0	0	0	1	1	15	2	0.123990082	0.426076954	0.785432239	0.448948356	0.50705578	6	3	0.360209807	0.664615289	0.672568355	0.325481683	0.078602359	0	0	0	0	0	0	0
1	0	0	0	1	1	15	2	0.123990082	0.426076954	0.785432239	0.448948356	0.50705578	6	4	0.388273087	-0.378044473	0.210624896	0.901509584	0.118210333	0	0	0	0	0	0	0
1	0	0	0	1	1	15	2	0.123990082	0.426076954	0.785432239	0.448948356	0.50705578	6	5	0.782826248	0.288666829	0.913669682	-0.286145371	0.034350692	0	0	0	0	0	0	0
1	0	0	0	1	1	15	2	0.123990082	0.426076954	0.785432239	0.448948356	0.50705578	6	6	0.797384653	0.876299664	0.276682469	0.394392837	0.073544715	0	0	0	0	0	0	0
1	0	0	0	1	1	15	3	0.133765066	0.683545073	-0.41622165	0.599604596	0.530698493	7	1	0.071872368	0.986972602	-0.160077231	-0.016135772	0.223217429	0	0	0	0	0	0	0
1	0	0	0	1	1	15	3	0.133765066	0.683545073	-0.41622165	0.599604596	0.530698493	7	2	0.075973931	-0.540658863	-0.509160219	0.669659515	0.276776066	0	0	0	0	0	0	0
1	0	0	0	1	1	15	3	0.133765066	0.683545073	-0.41622165	0.599604596	0.530698493	7	3	0.368099052	-0.58092711	-0.738600813	0.34204171	0.385881797	3	1	0.511789069	-0.964355006	-0.189456702	-0.184731104	0.117976159
1	0	0	0	1	1	15	3	0.133765066	0.683545073	-0.41622165	0.599604596	0.530698493	7	3	0.368099052	-0.58092711	-0.738600813	0.34204171	0.385881797	3	2	0.540753056	-0.069043019	-0.974571678	-0.213173888	0.092437652
1	0	0	0	1	1	15	3	0.133765066	0.683545073	-0.41622165	0.599604596	0.530698493	7	3	0.368099052	-0.58092711	-0.738600813	0.34204171	0.385881797	3	3	0.715396531	-0.968866912	-0.011371067	-0.247320856	0.057831665
1	0	0	0	1	1	15	3	0.133765066	0.683545073	-0.41622165	0.599604596	0.530698493	7	4	0.368099052	0.230777896	-0.972280872	0.037569515	0.368486265	2	1	0.521804395	-0.264362091	-0.876725327	-0.401827558	0.13038139
1	0	0	0	1	1	15	3	0.133765066	0.683545073	-0.41622165	0.599604596	0.530698493	7	4	0.368099052	0.230777896	-0.972280872	0.037569515	0.368486265	2	2	0.65347115	0.459340815	-0.641985278	-0.613889989	0.061837899
1	0	0	0	1	1	15	3	0.133765066	0.683545073	-0.41622165	0.599604596	0.530698493	7	5	0.381756924	0.563816661	0.402523017	0.721169879	0.192007654	1	1	0.530232465	0.578045582	-0.706035866	-0.409116929	0.040697861
1	0	0	0	1	1	15	3	0.133765066	0.683545073	-0.41622165	0.599604596	0.530698493	7	6	0.708051077	0.990618535	-0.063774506	-0.120862442	0.083223769	0	0	0	0	0	0	0
1	0	0	0	1	1	15	3	0.133765066	0.683545073	-0.41622165	0.599604596	0.530698493	7	7	0.722665849	-0.188082901	-0.979676386	0.069706531	0.113150979	0	0	0	0	0	0	0
1	0	0	0	1	1	15	4	0.35496764	-0.382989745	0.512391228	0.768618296	0.589457934	6	1	0.054586795	-0.868257337	-0.082036043	0.489284461	0.542192633	4	1	0.522519137	-0.453224368	-0.7780882	0.434932667	0.086213404
1	0	0	0	1	1	15	4	0.35496764	-0.382989745	0.512391228	0.768618296	0.589457934	6	1	0.054586795	-0.868257337	-0.082036043	0.489284461	0.542192633	4	2	0.522519137	-0.363341995	0.88755036	0.28326128	0.112820572
1	0	0	0	1	1	15	4	0.35496764	-0.382989745	0.512391228	0.768618296	0.589457934	6	1	0.054586795	-0.868257337	-0.082036043	0.489284461	0.542192633	4	3	0.69575425	0.044622764	0.063312183	0.996995675	0.081885568
1	0	0	0	1	1	15	4	0.35496764	-0.382989745	0.512391228	0.768618296	0.589457934	6	1	0.054586795	-0.868257337	-0.082036043	0.489284461	0.542192633	4	4	0.69575425	-0.828915483	0.541781303	-0.139183843	0.085371433
1	0	0	0	1	1	15	4	0.35496764	-0.382989745	0.512391228	0.768618296	0.589457934	6	2	0.054586795	0.323221058	0.939753189	0.111319773	0.333112963	1	1	0.570035789	0.981302007	0.132826564	-0.139296354	0.040269455
1	0	0	0	1	1	15	4	0.35496764	-0.382989745	0.512391228	0.768618296	0.589457934	6	3	0.205730814	0.075909166	0.953045643	0.293158321	0.290953362	1	1	0.558025002	-0.649151584	0.760309144	-0.023070041	0.053023841
1	0	0	0	1	1	15	4	0.35496764	-0.382989745	0.512391228	0.768618296	0.589457934	6	4	0.739093846	-0.921119769	0.099759025	0.376279828	0.127182976	0	0	0	0	0	0	0
1	0	0	0	1	1	15	4	0.35496764	-0.382989745	0.512391228	0.768618296	0.589457934	6	5	0.739093846	0.404101547	0.885127841	0.230761012	0.160301154	0	0	0	0	0	0	0
1	0	0	0	1	1	15	4	0.35496764	-0.382989745	0.512391228	0.768618296	0.589457934	6	6	0.784003527	0.567766015	0.058119548	0.82113572	0.089170257	0	0	0	0	0	0	0
1	0	0	0	1	1	15	5	0.35496764	0.461391056	-0.072340011	0.884242736	0.593583583	6	1	0.051487145	-0.368331371	-0.785366935	0.497524651	0.536305031	4	1	0.581957833	-0.635918121	-0.173494212	0.752002594	0.052229377
1	0	0	0	1	1	15	5	0.35496764	0.461391056	-0.072340011	0.884242736	0.593583583	6	1	0.051487145	-0.368331371	-0.785366935	0.497524651	0.536305031	4	2	0.609586416	0.47314369	-0.875202434	0.100775728	0.154837717
1	0	0	0	1	1	15	5	0.35496764	0.461391056	-0.072340011	0.884242736	0.593583583	6	1	0.051487145	-0.368331371	-0.785366935	0.497524651	0.536305031	4	3	0.679462257	-0.80492166	-0.592770662	-0.026908433	0.117990845
1	0	0	0	1	1	15	5	0.35496764	0.461391056	-0.072340011	0.884242736	0.593583583	6	1	0.051487145	-0.368331371	-0.785366935	0.497524651	0.536305031	4	4	0.749445768	0.498661359	-0.783588755	0.370574571	0.086010771
1	0	0	0	1	1	15	5	0.35496764	0.461391056	-0.072340011	0.884242736	0.593583583	6	2	0.071589969	0.709527172	0.650064683	0.272005698	0.315587799	2	1	0.660913081	0.160383858	0.986223385	0.040502497	0.033937586
1	0	0	0	1	1	15	5	0.35496764	0.461391056	-0.072340011	0.884242736	0.593583583	6	2	0.071589969	0.709527172	0.650064683	0.272005698	0.315587799	2	2	0.683231278	0.981133059	-0.191596625	-0.025858323	0.071655807
1	0	0	0	1	1	15	5	0.35496764	0.461391056	-0.072340011	0.884242736	0.593583583	6	3	0.248030557	0.463046528	-0.066546108	0.883832297	0.444127445	4	1	0.643660984	0.139426949	-0.883067643	0.448053193	0.172323495
1	0	0	0	1	1	15	5	0.35496764	0.461391056	-0.072340011	0.884242736	0.593583583	6	3	0.248030557	0.463046528	-0.066546108	0.883832297	0.444127445	4	2	0.680265513	0.961385887	-0.000424807	0.275203553	0.2068876
1	0	0	0	1	1	15	5	0.35496764	0.461391056	-0.072340011	0.884242736	0.593583583	6	3	0.248030557	0.463046528	-0.066546108	0.883832297	0.444127445	4	3	0.712257795	-0.171926524	-0.681208368	0.711615366	0.03744123
1	0	0	0	1	1	15	5	0.35496764	0.461391056	-0.072340011	0.884242736	0.593583583	6	3	0.248030557	0.463046528	-0.066546108	0.883832297	0.444127445	4	4	0.712257795	0.287801813	0.299912264	0.909517867	0.042541659
1	0	0	0	1	1	15	5	0.35496764	0.461391056	-0.072340011	0.884242736	0.593583583	6	4	0.260303035	0.169810772	0.285706219	0.943152298	0.3568869	2	1	0.611894803	0.837076375	0.430887819	0.337103588	0.16205282
1	0	0	0	1	1	15	5	0.35496764	0.461391056	-0.072340011	0.884242736	0.593583583	6	4	0.260303035	0.169810772	0.285706219	0.943152298	0.3568869	2	2	0.611894803	0.140349315	-0.589155075	0.795737625	0.135044015
1	0	0	0	1	1	15	5	0.35496764	0.461391056	-0.072340011	0.884242736	0.593583583	6	5	0.266243803	-0.192955378	-0.507389582	0.839835718	0.279306844	2	1	0.567281302	0.186510724	-0.963118482	0.193949839	0.084843872
1	0	0	0	1	1	15	5	0.35496764	0.461391056	-0.072340011	0.884242736	0.593583583	6	5	0.266243803	-0.192955378	-0.507389582	0.839835718	0.279306844	2	2	0.640635311	-0.944153423	0.036556187	0.327472074	0.086474333
1	0	0	0	1	1	15	5	0.35496764	0.461391056	-0.072340011	0.884242736	0.593583583	6	6	0.266243803	0.08859355	0.669839766	0.737201377	0.370972393	2	1	0.531332927	-0.495814286	0.842295115	0.211440613	0.077173377
1	0	0	0	1	1	15	5	0.35496764	0.461391056	-0.072340011	0.884242736	0.593583583	6	6	0.266243803	0.08859355	0.669839766	0.737201377	0.370972393	2	2	0.650594888	0.825542064	0.556684418	0.092643177	0.088265402
1	0	0	0	1	1	15	6	0.35496764	0.38078422	-0.077742705	0.921389955	0.218537491	1	1	0.72892294	0.122699886	0.678261136	0.724504361	0.367769521	0	0	0	0	0	0	0
1	0	0	0	1	1	15	7	0.421528652	-0.708777009	-0.595855003	0.377613514	0.407313261	2	1	0.588674347	-0.291910566	-0.951308273	-0.098998946	0.114908564	0	0	0	0	0	0	0
1	0	0	0	1	1	15	7	0.421528652	-0.708777009	-0.595855003	0.377613514	0.407313261	2	2	0.601961745	-0.978574646	0.20130384	0.043225305	0.095165166	0	0	0	0	0	0	0
1	0	0	0	1	1	15	8	0.421528652	0.426713759	0.799802599	0.422174337	0.252966412	0	0	0	0	0	0	0	0	0	0	0	0	0	0
1	0	0	0	1	1	15	9	0.476749908	0.241898175	0.863360102	0.442825708	0.380259886	2	1	0.593737151	0.972318244	0.017676101	0.232990961	0.092185459	0	0	0	0	0	0	0
1	0	0	0	1	1	15	9	0.476749908	0.241898175	0.863360102	0.442825708	0.380259886	2	2	0.593737151	-0.583089684	0.215375706	0.783338832	0.040549446	0	0	0	0	0	0	0
1	0	0	0	1	1	15	10	0.502934931	-0.529744552	-0.805815989	0.264634276	0.115262316	0	0	0	0	0	0	0	0	0	0	0	0	0	0
1	0	0	0	1	1	15	11	0.563985613	-0.908008022	-0.038961182	0.417137217	0.06536743	0	0	0	0	0	0	0	0	0	0	0	0	0	0
1	0	0	0	1	1	15	12	0.772969383	-0.247837816	-0.74604791	0.618052532	0.237008136	0	0	0	0	0	0	0	0	0	0	0	0	0	0
1	0	0	0	1	1	15	13	0.772969383	-0.014269202	0.722564926	0.691155784	0.246416721	0	0	0	0	0	0	0	0	0	0	0	0	0	0
1	0	0	0	1	1	15	14	0.807024819	0.668949543	-0.28170419	0.687858458	0.189707686	0	0	0	0	0	0	0	0	0	0	0	0	0	0
1	0	0	0	1	1	15	15	0.81829652	0.551376993	0.450948298	0.701875376	0.057404919	0	0	0	0	0	0	0	0	0	0	0	0	0	0
